    5.3645
    5.3603
    5.3603
    5.3653
    5.3629
    5.3609
    5.3592
    5.3807
    5.3568
    5.3681
    5.3585
    5.3631
('Error: ', 0.0)
    1.4920
    1.4488
    1.4059
    1.5011
    1.4426
    1.4991
    1.5127
    1.4650
    1.4488
    1.4176
    1.5282
    1.5109
('Error: ', 0.0)
    0.8336
    0.8507
    0.8378
    0.8253
    0.8425
    0.8260
    0.8393
    0.8377
    0.8399
    0.8426
    0.8171
    0.8410
('Error: ', 1.000000000139778e-06)
    0.4255
    0.4290
    0.4229
    0.4262
    0.4153
    0.4364
    0.4341
    0.4384
    0.4250
    0.4267
    0.4274
    0.4292
('Error: ', 1.000000000139778e-06)
    0.2401
    0.2417
    0.2444
    0.2430
    0.2445
    0.2412
    0.2451
    0.2383
    0.2411
    0.2435
    0.2386
    0.2441
('Error: ', 1.000000000139778e-06)
    0.2341
    0.2392
    0.2400
    0.2383
    0.2353
    0.2395
    0.2391
    0.2375
    0.2371
    0.2370
    0.2391
    0.2357
('Error: ', 1.000000000139778e-06)
    0.2288
    0.2255
    0.2297
    0.2295
    0.2352
    0.2299
    0.2304
    0.2294
    0.2254
    0.2298
    0.2295
    0.2324
('Error: ', 1.000000000139778e-06)
