0,000245498
0,0002591
----->  <-------
0,000246067
0,000245726
0,000245992
0,000245708
0,000252772
0,000245665
0,000246
0,000246024
0,000246071
0,0002461
------------
0,0002466125
2,05915411031e-06
----------
0,000113632
0,000116032
0,00011488
0,000114016
0,000114624
0,00011488
0,000114528
0,00011488
0,00011584
0,000114368
0,000114304
0,000114656
0,0001146976
4,65718198055e-07
0,00102472
0,00104765
----->  <-------
0,00103512
0,0010421
0,0010353
0,00104478
0,00103469
0,00103372
0,00103467
0,00103589
0,00103482
0,00103509
------------
0,001036618
3,5022786868e-06
----------
0,000253728
0,000263424
0,00026016
0,000259712
0,000259968
0,00026272
0,00025984
0,000254624
0,000254464
0,000260864
0,000253792
0,000261824
0,0002587968
3,08574259458e-06
0,00409929
0,00412122
----->  <-------
0,00410011
0,00411613
0,00411154
0,00411067
0,00411252
0,00410584
0,00410624
0,00410794
0,00411497
0,00410481
------------
0,004109077
4,72614441167e-06
----------
0,0007264
0,000740896
0,0007312
0,000731776
0,000730208
0,000733248
0,000728384
0,000729408
0,00073552
0,000729952
0,00072704
0,000732448
0,0007309184
2,3439557675e-06
0,0161487
0,0163809
----->  <-------
0,0163425
0,0161587
0,0163729
0,0163574
0,0163418
0,0163552
0,016361
0,0163611
0,01636
0,0163732
------------
0,01633838
6,07104570894e-05
----------
0,00179517
0,00219354
0,00212755
0,00211782
0,00210816
0,00211923
0,00209971
0,00219334
0,00218835
0,00188221
0,00219162
0,0018617
0,002088969
0,000113766367829
0,0630184
0,0649766
----->  <-------
0,0647659
0,0630409
0,0649395
0,0644863
0,0644662
0,0637231
0,0648087
0,0635101
0,0647447
0,0631911
------------
0,06416765
0,000688583283634
----------
0,00582253
0,00620483
0,00619917
0,00616058
0,00618195
0,00585507
0,00585722
0,00618893
0,00617683
0,00618147
0,00619792
0,00587862
0,006087776
0,00014720909783
0,25096
0,267838
----->  <-------
0,261805
0,264789
0,256834
0,261211
0,258435
0,262312
0,262368
0,264118
0,267602
0,266312
------------
0,2625786
0,00314932545794
----------
0,0212219
0,0216362
0,0213834
0,0216081
0,0215497
0,02161
0,0216244
0,0212273
0,021541
0,0215461
0,0215622
0,0212978
0,021495
0,000133417315218
0,945737
1,01147
----->  <-------
0,98722
0,992162
1,00106
0,951313
0,982725
0,949681
0,965261
0,954375
0,960224
0,985278
------------
0,9729299
0,0178497637657
----------
0,0819995
0,0827442
0,0822285
0,0827009
0,0820153
0,0822298
0,0827087
0,082257
0,0820961
0,0822033
0,0820571
0,0822108
0,08227075
0,000230223240573
3,64631
3,90637
----->  <-------
3,68298
3,79039
3,83063
3,80302
3,70463
3,83555
3,80832
3,87069
3,86729
3,72754
------------
3,792104
0,0627007298522
----------
0,304032
0,327781
0,320208
0,30614
0,304335
0,307352
0,304922
0,306284
0,324018
0,316749
0,304808
0,304893
0,3099709
0,00702057620783
