0,00175585
0,0017788
----->  <-------
0,00176601
0,00176286
0,00177515
0,00175676
0,00175703
0,00176672
0,00176246
0,0017684
0,00177287
0,00175588
------------
0,001764414
6,34577055999e-06
----------
0,000359008
0,00036816
0,0003616
0,000359552
0,000361312
0,000359232
0,000359616
0,000360416
0,000362336
0,000361984
0,000359424
0,000362016
0,0003607488
1,16509886276e-06
0,00709848
0,00731615
----->  <-------
0,00711603
0,00711653
0,00712745
0,00712488
0,00714458
0,00709972
0,00715107
0,00715247
0,00713318
0,00716122
------------
0,007132713
1,84358791762e-05
----------
0,000939712
0,000953344
0,000944128
0,000942176
0,000943616
0,000940736
0,000941984
0,00094416
0,000946272
0,000945632
0,000941952
0,000946176
0,0009436832
1,84351386217e-06
0,0287096
0,0291746
----->  <-------
0,0290663
0,0288487
0,0291089
0,0288081
0,0287931
0,0290791
0,0287514
0,0291062
0,0287961
0,0287219
------------
0,02890798
0,00015243196384
----------
0,00224915
0,00258573
0,00224976
0,00257322
0,00255661
0,00254957
0,0025617
0,002552
0,00255126
0,00255795
0,0025727
0,00256637
0,002529114
9,34632548331e-05
0,113994
0,11571
----->  <-------
0,114451
0,114261
0,114018
0,114051
0,114653
0,115663
0,114408
0,114816
0,115621
0,115691
------------
0,1147633
0,000629253375041
----------
0,00695011
0,00731181
0,00696899
0,00698726
0,00695219
0,00698275
0,00703245
0,00730182
0,0069735
0,00698803
0,00730605
0,00730723
0,007080027
0,000148564733436
0,455259
0,456249
----->  <-------
0,455406
0,45598
0,45547
0,455902
0,455905
0,45542
0,455435
0,455731
0,456229
0,455289
------------
0,4556767
0,000298912043919
----------
0,0250704
0,0252284
0,0251187
0,0250776
0,0251318
0,0251141
0,0251046
0,0251333
0,0251331
0,0251347
0,0251099
0,0251142
0,0251172
1,68300326797e-05
1,80886
1,81288
----->  <-------
1,80932
1,81277
1,80968
1,80897
1,80923
1,81083
1,80943
1,80909
1,80928
1,80921
------------
1,809781
0,00111338627619
----------
0,104594
0,106493
0,104781
0,105014
0,10484
0,105019
0,104852
0,104876
0,104792
0,104809
0,104858
0,104618
0,1048459
0,000109436237143
7,2457
7,25783
----->  <-------
7,24684
7,24578
7,24626
7,24588
7,24729
7,24695
7,24696
7,24683
7,24747
7,24675
------------
7,246701
0,000531271117227
----------
0,377517
0,409573
0,406166
0,380369
0,378554
0,378585
0,406595
0,384293
0,377668
0,378619
0,408457
0,377663
0,3876969
0,0128249672081
