0,0148086
0,0150312
----->  <-------
0,0148111
0,0148401
0,014841
0,014826
0,0149767
0,014821
0,0149472
0,0150017
0,0148738
0,0148232
------------
0,01487618
6,78627998244e-05
----------
0,0013919
0,00141386
0,0014008
0,00139949
0,00140269
0,00140618
0,0014087
0,00139859
0,00139766
0,00139974
0,00139683
0,00139194
0,001400262
4,51526256158e-06
0,0568791
0,0612576
----->  <-------
0,0611593
0,0569844
0,0608995
0,0570657
0,0610237
0,061037
0,056999
0,0569919
0,0574491
0,0612376
------------
0,05908472
0,00199239563531
----------
0,00327994
0,00363667
0,00328166
0,00328634
0,00361354
0,00331075
0,00360746
0,00329251
0,00360701
0,00328915
0,00328861
0,0036225
0,003419953
0,000157529432047
0,224958
0,226788
----->  <-------
0,225424
0,225405
0,225106
0,226016
0,225662
0,225654
0,225395
0,224993
0,225227
0,225862
------------
0,2254744
0,000308763080695
----------
0,0104268
0,0104586
0,0104372
0,0104386
0,0104426
0,0104432
0,010448
0,0104574
0,0104536
0,0104528
0,0104383
0,0104275
0,01044392
8,64775115276e-06
0,893588
0,898695
----->  <-------
0,895768
0,894427
0,895216
0,894845
0,894615
0,895999
0,894157
0,894313
0,897757
0,894431
------------
0,8951528
0,00104923827608
----------
0,0373057
0,0420015
0,0373092
0,037385
0,0373721
0,0373632
0,0373349
0,0373671
0,0374322
0,0373965
0,0375061
0,0373879
0,03738542
5,12344181191e-05
3,59376
3,60514
----->  <-------
3,59422
3,59689
3,60008
3,59684
3,60005
3,60001
3,59392
3,59979
3,6
3,59759
------------
3,597939
0,00231120077016
----------
0,143224
0,161581
0,159924
0,150718
0,152642
0,143237
0,143302
0,14348
0,143406
0,143541
0,143973
0,160543
0,1484766
0,00669749846137
14,5568
14,5852
----->  <-------
14,5692
14,5617
14,5724
14,5601
14,5695
14,5596
14,5676
14,5578
14,5697
14,5713
------------
14,56589
0,00518814995928
----------
0,563027
0,606721
0,575857
0,56417
0,603448
0,563776
0,60175
0,56397
0,602964
0,563864
0,563272
0,564909
0,576798
0,017330769302
